1680024
1680029
1680032
1680043
1680044
1680049
1680059
1680133
1680264
1680269
1680393
1680486
1680499
1680507
1680512
1680592
1680600
1680679
1680720
1680838
1681003
1681152
1681237
1681268
1681482
1681531
1681587
1681643
1681646
1681771
1681868
1681870
1681871
1681958
1681969
1681986
1681988
1681997
1682011
1682284
1682525
1682547
1682563
1682624
1682798
1682832
1682833
1682892
1682985
1683129
1683130
1683263
1683277
1683278
1683320
1683329
1683332
1683338
1683422
1683461
1683481
1683664
1683705
1683715
1683764
1683855
1683944
1683947
1683949
1683964
1683967
1684232
1684239
1684274
1684293
1684311
1684344
1684361
1684368
1684515
1684521
1684527
1684665
1684670
1684680
1684681
1684706
1684752
1684790
1684801
1684822
1684972
1684974
1684975
1684992
1685034
1685069
1685119
1685122
1685237
1685245
1685252
1685357
1685362
1685386
1685519
1685536
1685558
1685563
1685568
1685753
1685770
1686007
1686766
1686772
1686796
1687168
1687178
1687179
1687455
1687818
1688289
1688673
1688681
1688773
1688841
1688880
1688925
1688995
1689185
1689297
1689404
1690872
1690886
1691203
1691229
1691240
1691241
1691245
1691494
1691635
1691652
1691726
1691757
1691808
1691828
1691846
1691848
1691864
1691912
1691971
1691974
1692051
1692056
1692065
1692075
1692085
1692091
1692357
1692372
1692464
1692542
1692591
1692761
1692782
1692784
1692790
1692796
1692805
1692939
1692960
1693171
1693284
1693307
1693364
1693470
1693531
1693535
1693536
1693568
1693612
1693663
1693722
1693746
1693788
1693793
1694062
1694094
1694117
1694176
1694225
1694262
1694284
1694289
1694514
1694542
1694694
1694709
1694753
1694754
1694819
1695051
1695113
1695114
1695115
1695197
1695200
1695286
1695343
1695348
1695365
1695495
1695544
1695641
1695717
1695760
1695821
1695837
1695842
1695901
1695918
1696299
1696339
1696340
1696383
1696509
1696531
1696592
1696625
1696700
1696705
1696707
1696709
1696748
1696749
1696755
1696756
1696757
1696880
1696881
1696882
1696883
1696884
1696963
1696979
1696981
1697003
1697040
1697101
1697114
1697264
1697316
1697320
1697425
1697676
1697706
1698046
1698073
1698136
1698250
1698271
1698283
1698429
1698507
1698767
1698797
1698903
1698912
1698920
1699045
1699049
1699093
1699113
1699230
1699265
1699283
1699396
1699527
1699551
1699557
1699568
1699635
1699697
1699699
1699935
1699945
1699946
1699962
1700196
1700201
1700388
1700605
1700612
1700647
1700685
1700704
1700705
1700789
1700793
1700795
1700937
1701021
1701022
1701030
1701037
1701184
1701188
1701203
1701253
1701313
1701428
1701430
1701436
1701521
1701539
1701582
1701621
1701639
1701646
1701672
1701839
1701989
1702116
1702180
1702190
1702205
1702290
1702528
1702633
1702636
1702649
1702651
1702676
1702982
1702991
1702994
1703094
1703154
1703156
1703177
1703191
1703320
1703325
1703327
1703346
1703413
1703414
1703483
1703540
1703591
1703759
1703764
1703766
1703780
1703990
1703992
1704025
1704145
1704151
1704156
1704170
1704345
1704356
1704372
1704481
1704499
1704502
1704723
1704764
1704910
1704914
1704921
1704930
1705000
1705060
1705204
1705408
1705417
1705492
1705666
1705687
1705697
1705701
1705835
1705849
1705851
1705872
1705873
1705875
1705920
1705922
1705966
1705985
1706020
1706077
1706217
1706223
1706227
1706237
1706245
1706290
1706720
1706786
1706789
1706795
1706807
1706815
1706919
1707453
1707498
1707606
1707614
1707632
1707635
1707679
1707734
1707884
1708420
1708449
1708497
1708513
1708550
1708555
1708563
1708573
1708632
1708732
1708740
1708753
1708758
1708882
1708899
1708904
1708912
1708916
1708917
1708945
1709194
1709340
1709394
1709433
1709750
1709788
1709797
1709799
1709819
1709832
1709835
1709870
1709871
1709929
1710003
1710051
1710061
1710110
1710364
1710381
1710389
1710418
1711100
1711143
1711145
1711154
1711156
1711248
1711250
1711251
1711291
1711292
1711297
1711302
1711376
1711660
1711683
1711725
1711751
1711803
1711817
1711819
1711821
1711837
1711842
1711852
1711912
1711978
1711988
1712026
1712033
1712035
1712233
1712303
1712389
1712668
1712835
1712910
1712923
1712924
1712927
1713030
1713035
1713134
1713260
1713282
1713384
1713398
1713560
1713563
1713652
1713695
1713771
1713799
1713801
1713816
1714781
1714945
1714956
1714996
1716149
1716154
1716171
1716172
1716185
1716188
1716199
1716202
1716553
1716560
1716561
1716709
1716751
1716806
1716818
1716874
1717187
1717216
1717229
1717510
1717546
1717714
1717720
1717726
1717842
1717866
1717890
1718119
1718127
1718131
1718181
1718211
1718276
1718364
1718374
1718378
1718438
1718578
1718786
1718787
1718793
1718801
1718812
1718903
1718910
1718915
1718931
1718947
1719201
1719945
1719967
1719974
1719980
1719984
1720152
1720153
1720154
1720381
1720406
1720524
1720583
1720619
1720705
1720706
1720711
1720713
1720714
1720806
1720808
1720810
1720826
1720830
1720839
1720877
1720894
1720902
1721090
1721096
1721102
1721152
1721325
1721386
1721388
1721400
1721718
1721750
1721762
1721766
1722027
1722046
1722267
1722268
1722277
1722303
1722519
1722533
1722539
1722862
1722868
1722880
1723286
1723294
1723295
1723316
1723355
1723417
1723716
1723736
1723832
1723872
1723877
1723886
1723894
1723945
1724073
1724104
1724396
1724699
1724701
1724710
1724828
1724845
1724925
1724983
1725056
1725077
1725080
1725156
1725180
1725185
1725188
1725205
1725299
1725300
1725308
1725522
1725714
1725909
1725946
1725977
1726035
1726123
1726139
1726143
1726346
1726352
1726681
1726757
1726770
1726780
1726889
1726893
1726929
1727215
1727228
1727238
1727242
1727355
1727356
1727359
1727376
1727575
1727597
1727599
1727807
1727808
1727821
1727950
1727958
1727966
1728135
1728510
1728513
1728516
1728682
1728696
1728699
1728710
1728787
1728795
1728947
1728949
1728964
1728972
1729097
1729136
1729167
1729174
1729271
1729281
1729536
1729541
1729552
1729708
1729752
1729753
1729764
1729766
1729773
1730049
1730077
1730082
1730121
1730124
1730353
1730512
1730518
1730527
1730555
1730556
1730560
1730601
1730821
1730856
1730858
1730870
1730979
1731080
1731093
1731113
1731259
1731264
1731562
1731583
1731820
1731864
1731901
1732117
1732156
1732246
1732247
1732250
1732252
1732257
1732269
1732525
1732871
1732936
1732948
1733255
1733260
1733263
1733269
1733328
1733361
1733680
1733709
1733731
1733775
1733849
1733864
1733865
1733867
1733896
1733898
1734000
1734011
1734025
1734030
1734176
1734181
1734226
1734249
1734301
1734421
1734422
1734453
1734472
1734584
1734609
1734649
1734990
1735128
1735198
1735218
1735242
1735259
1735268
1735359
1735413
1735507
1735571
1735684
1735706
1735711
1735792
1735818
1735822
1735872
1736203
1736210
1736234
1736238
1736515
1736525
1736545
1736590
1736740
1736753
1736765
1736863
1736875
1736915
1736923
1736929
1737300
1737301
1737421
1737426
1737434
1737446
1737471
1737518
1737521
1737525
1737529
1737536
1737567
1737659
1737722
1737747
1737767
1738325
1738530
1738532
1738547
1738685
1738690
1738705
1738736
1738790
1738847
1738871
1738977
1739004
1739009
1739011
1739350
1739590
1739639
1739798
1739818
1739832
1739853
1740026
1740129
1740137
1740139
1740159
1740318
1740327
1740345
1740353
1740354
1740375
1740497
1740500
1740666
1740678
1740695
1740698
1740707
1740852
1740889
1741012
1741027
1741112
1741241
1741246
1741448
1741454
1741455
1741827
1741829
1742009
1742015
1742130
1742143
1742144
1742151
1742338
1742341
1742355
1742528
1742529
1742576
1742579
1742639
1742802
1742812
1742829
1742893
1742986
1743012
1743021
1743185
1743249
1743617
1743635
1743638
1743693
1743736
1743749
1743771
1743774
1743777
1743820
1743873
1744121
1744137
1744139
1744181
1744331
1744418
1744436
1744438
1744455
1744456
1744587
1744624
1744632
1744736
1744782
1744797
1744815
1744883
1744897
1744899
1744900
1744901
1745933
1745935
1745952
1745978
1745993
1746021
1746022
1746025
1746071
1746092
1746178
1746179
1746180
1746182
1746472
1746604
1746623
1746635
1746662
1747031
1747042
1747047
1747056
1747112
1747241
1747253
1747261
1747270
1747394
1747472
1747559
1747640
1747685
1747705
1747742
1747829
1747906
1747948
1747955
1748043
1748045
1748185
1748198
1748227
1748251
1748277
1748294
1748296
1748454
1748566
1748636
1748685
1748689
1748690
1748806
1748807
1749492
1749543
1749554
1749560
1749563
1749639
1749643
1749893
1749903
1749916
1749920
1749991
1750031
1750033
1750063
1750066
1750123
1750339
1750476
1750486
1750553
1750554
1750634
1750701
1751056
1751094
1751129
1751146
1751297
1751315
1751320
1751321
1751334
1751747
1751844
1752012
1752369
1752388
1752447
1752449
1752468
1752543
1752569
1752656
1752728
1752942
1752991
1753006
1753135
1753136
1753139
1753362
1753365
1753366
1753391
1753393
1753592
1753613
1753622
1753751
1753908
1753915
1753917
1754073
1754103
1754104
1754207
1754220
1754231
1754232
1754240
1754247
1754353
1754354
1754364
1754403
1754544
1754554
1754660
1754778
1754803
1754837
1754846
1754962
1754984
1755071
1755075
1755205
1755219
1755239
1755311
1755345
1755418
1755431
1755447
1755459
1755460
1755488
1755490
1755505
1755797
1755799
1755813
1755840
1755849
1755900
1755902
1755908
1755910
1755913
1755914
1755915
1755916
1755998
1756017
1756053
1756059
1756060
1756074
1756136
1756146
1756148
1756156
1756160
1756161
1756215
1756242
1756255
1756296
1756356
1756358
1756378
1756494
1756509
1756512
1756519
1756522
1756535
1756539
1756551
1756562
1756564
1756568
1756582
1756587
1756590
1756614
1756621
1756758
1756763
1756774
1756793
1756806
1756991
1757031
1757039
1757047
1757067
1757096
1757108
1757109
1757425
1757537
1757546
1757565
1757730
1757763
1757772
1757820
1758026
1758034
1758046
1758060
1758092
1758257
1758258
1758441
1758732
1758759
1758761
1758762
1758798
1758836
1758852
1758918
1759207
1759266
1759355
1759415
1759521
1759529
1759534
1759539
1759668
1759670
1759772
1759781
1759831
1759919
1759927
1759928
1760174
1760187
1760191
1760268
1760322
1760428
1760437
1760659
1760684
1760686
1760693
1760695
1760696
1760702
1760703
1760727
1760735
1760740
1760755
1760762
1760795
1760797
1760800
1760805
1760809
1760814
1760823
1760884
1761115
1761217
1761238
1761399
1761406
1761413
1761492
1761727
1762244
1762298
1762394
1762397
1762402
1762404
1762414
1762442
1762509
1762625
1762666
1762707
1762723
1762761
1762801
1762867
1762890
1762983
1763124
1763126
1763129
1763136
1763472
1763485
1763546
1763548
1763566
1763569
1763573
1763688
1763739
1763754
1763798
1763821
1764093
1764105
1764130
1764276
1764382
1764596
1764609
1764714
1764715
1764731
1764732
1764808
1764842
1764922
1765066
1765087
1765096
1765146
1765155
1765200
1765278
1765386
1765549
1765558
1765610
1765766
1765880
1766011
1766031
1766043
1766088
1766092
1766107
1766131
1766179
1766185
1766194
1766422
1766452
1766458
1766463
1766472
1766480
1766622
1766628
1766887
1766908
1766936
1766938
1766941
1766968
1766969
1766975
1767117
1767168
1767179
1767181
1767185
1767210
1767227
1767450
1767467
1767468
1767474
1767477
1767479
1767632
1767657
1767703
1767711
1767756
1767833
1767842
1767937
1767984
1767986
1767999
1768050
1768058
1768060
1768097
1768211
1768230
1768239
1768266
1768328
1768446
1768554
1768555
1768659
1768677
1768687
1768786
1768787
1768883
1769211
1769212
1769334
1769689
1769698
1769699
1769708
1769766
1769776
1769795
1770106
1770160
1770283
1770432
1770452
1770458
1770469
1770474
1770476
1770755
1770771
1770784
1770795
1770827
1770909
1771043
1771156
1771359
1771377
1771470
1771573
1771576
1771583
1771584
1771690
1771727
1771778
1771837
1771873
1771884
1771924
1771934
1771996
1772037
1772043
1772075
1772095
1772123
1772130
1772135
1772255
1772272
1772280
1772308
1772403
1772404
1773012
1773029
1773040
1773120
1773127
1773154
1773284
1773314
1773354
1773403
1773418
1773421
1773492
1773509
1773521
1773548
1773620
1773623
1773641
1773757
1773822
1773834
1773935
1773997
1774152
1774156
1774240
1774257
1774298
1774330
1774477
1774573
1774631
1774696
1774703
1774711
1774833
1774853
1774856
1774877
1774919
1774952
1775261
1775266
1775664
1775737
1775767
1775790
1775836
1776000
1776158
1776349
1776351
1776370
1776393
1776641
1776654
1776657
1776666
1776679
1776762
1776868
1776942
1777021
1777209
1777470
1777600
1777636
1777638
1777652
1777796
1777921
1777927
1777996
